344
16628.8048461382,16099.681876818857
17715.462373144423,15175.617996106663

16906.777823669712,14035.493535979072
18724.23316862122,12963.212293633798

18622.695354362746,13497.781259532789
19957.474284082346,12908.50476676564

17875.76785752883,10887.683148566506
18448.18034518251,10669.346035464227

17531.94135780644,10062.888922290727
17866.02257221962,9938.399481829692

17561.981852390367,10503.428910263934
17890.095355228754,10373.704275332166

17628.509777777188,11459.656814785641
18724.186949575407,11013.642542887774

16401.754280514062,10032.805672097275
16863.667282117138,9824.881187420528

16147.210640308462,9218.001014343332
16622.639598304093,9016.947511214385

15954.24258189823,9306.092897733452
15981.707741712213,9293.32074822444

15423.833800702108,9032.18487516155
16778.40234706857,8458.638346741758

15370.27400888021,8589.247537650139
16513.138744169126,8115.762371350298

14060.154665021648,7007.533872963755
14265.471100948263,7244.4688360973705
14569.033795218405,7587.526427082485
14888.976321867798,7970.899465849721
15142.805579080341,8327.709963313057
15239.978796884388,8589.570203509873
15093.446157607083,8760.152480032506
14833.884174646308,8880.604397823383
14629.234846517633,8966.706806598148

14538.40652978955,9510.287772920994
15043.4088178917,9226.921734445936

15906.921046942829,9800.278665468697
17290.023737372525,9208.44140139639

16295.575587442174,10622.186214762962
17093.766669201024,10242.81985113781

15945.476561989446,11311.083747384328
16171.546289915212,11179.944668808075

15979.779205375184,11865.086394312963
17502.23422717827,11048.085125858172

15077.517327074987,10760.402641071243
16134.6810587812,10163.348057225234

14661.739682451684,10511.291096487628
14990.45782357009,10305.457749460875

14346.504977595541,10199.725504012495
14910.519708809028,9851.95861164602

13942.839818924913,7952.266326498699
14191.042686671244,8058.704536257686

14138.064289443173,7848.242989460821
14178.336309448627,7946.117380435582

13985.896641727879,7809.361636224239
14214.816267655879,8081.805259350684
14811.444739545572,8808.418109867554

13533.148858437595,7455.383437798057
13551.32904638648,7625.647802904459

13256.63782216988,7368.124321177245
13548.749338677764,7714.409592107913
13795.146567085292,8015.3230039114205
14116.383797213683,8385.870112589371
14430.616617315318,8790.620599930702
14486.684719983874,9034.616018096283
14294.630459840497,9206.664307281186
14054.57225049931,9350.586078035605
13902.184744624872,9532.158627950863
13760.318353200091,9737.452123230189
13623.335990175685,9969.573657222223
13622.608496812845,10266.8072490595
13848.152505439306,10565.49262281058
14211.419242435295,10778.59985401971
14633.410307868973,10954.094572033631
15036.798371757483,11137.944429668045
15343.822730209518,11370.545787814215
15478.456738779729,11690.385183809263
15435.155115543763,11956.25401248594
15308.295280250102,12166.59752956593
15140.720361296313,12346.245527403102
14808.34510952529,12671.525715168962
14637.493515819253,12834.078915469883
14464.01581857873,12994.308995233336
14289.462045750493,13153.803956034026
13775.900699410362,13642.635895596399
13609.080499943539,13803.361503763732
13447.39686983468,13989.902700553353
13342.968342971235,14215.622718178074
13379.65352677325,14532.959827468007
13683.412207065583,14787.68385423144
14005.247548448555,14892.605318681799
14363.63253167233,14969.849422444295
14755.410661367481,15099.460056067179
15085.917807024503,15322.810027894197
15255.468245051074,15631.137880096841
15261.948778978898,15919.170009495672
15176.83952722924,16173.39820264366
15061.780180416477,16376.886643148962
14830.302341425871,16739.498453184246
14712.11233398052,16932.96250145222
14592.600843900625,17128.743362627818
14470.606926071472,17324.013790996887
14344.858787406578,17515.921703652795
14213.973602881575,17701.592086769797
14076.459374163409,17878.12907279017
13930.718730288077,18042.618129206476
13775.054569701475,18192.12831122572
13607.677450965999,18323.714542077763

14073.615828498754,18728.39304124669
15075.935668742364,17103.224750665784

15370.768616879177,16722.851893664392
15878.568577284372,16138.881623087447

15988.549996506437,16022.640743539941
16007.041176829938,16003.423012947136

15612.641387981079,15763.82802083129
17190.687346425162,14380.609808603953

16903.224872252067,13429.485868476902
17393.346730019657,13118.710927227748

15965.693801532005,12397.850492923993
16444.426402185767,12091.59833291276

15964.57076231503,12935.877634347842
17404.379218173788,12050.007012144277

14331.456394192552,12309.821959302688
14997.872292812848,11799.154628983768

13922.231523556191,12005.176555390186
13930.28394834225,12138.991411640349
13836.511571380273,12294.992756453987

13499.386901633796,11859.343362186199
13724.288520953276,11927.63792031334
13846.325152130194,11925.30901318866

13566.068276738311,11587.352830926106
13717.339902823816,11746.865985736269

13475.343669590686,11663.424472664345
13734.195904287353,11843.965261005727
14019.617222810171,12012.103679652217
14216.687516937585,11977.468642060401

13596.873371637193,11490.916203953879
13824.779116034428,11807.998478002897
13816.423503800484,11594.843664457225

13276.495207751283,10976.727517389427
13370.4217098408,10901.761734112602

12266.985584655235,10615.549595485601
13836.9241643961,9438.245719689388

13164.018431612923,7603.240531014173
13405.67545979331,7646.8712590132745

13206.787102413826,7456.871464826552
13442.947077245277,7444.932726176383

13307.014987628361,7279.8124776111945
13527.324671042006,7398.6795573633935

11810.372546435337,6641.892768301936
12054.037201205905,6641.498289076706
12347.327067498849,6634.845516593377
12767.276078424129,6620.824011144352

11488.17688981006,6413.414447274074
11725.096945465422,6686.499523252449
11758.293186923824,6986.70240865933

11565.516829228734,6862.34293575105
11642.406555486512,6749.338935610864

11546.155156499877,6687.077545041371
11658.07845017071,6614.7233091976705

11490.422351515175,6723.627980022811
11720.180558757696,6637.118290248371

11242.13343975415,5647.188178232052
11383.510340963036,5751.440341227895
11288.742445003954,5862.292769043917

11142.580337484069,5526.3599203466365
11391.622948579465,5616.295156568522

11226.33933625124,5414.334774375977
11391.622948579465,5616.295156568522

11343.80236845955,5343.614229427854
11554.117551202959,5663.0248727107355
11929.74878271985,5888.331274147211
12286.125640511858,6144.376362185209
12603.062221706208,6442.069926930875
12936.897659811322,6665.343510962681
13299.715180803894,6802.004493063821
13658.882983771498,6899.667203172146
13989.402490150329,6977.697785553071
13763.9539686532,6629.428487808553
13498.14466355753,6297.410448646919

12797.92047038674,4078.129287964279
13048.287744671143,4136.466703023478

13020.95396063718,3928.423280645642
13143.532022659594,4272.172887522986
13267.063316447067,4566.470682163868
13293.376116979158,4881.55888124089
13206.100329704517,5124.205293055202

12800.791138707798,3911.273746947536
13011.632552471747,4041.006243586511
13177.562731835143,3973.6223831037023

12065.594515181205,3130.62848584542
12282.556180233634,3485.314003887037
12402.447364984862,3844.8121802375754
12514.92801220962,4204.923692264198

11673.163553026596,3763.758755338251
11829.904431752671,3742.8440219065924

11802.730327468766,3474.737203152996
11832.297283768705,3572.7767163861354

11844.228642430346,3120.5962067141118
12001.131658989056,3159.6223794677207

11880.785187456124,2993.1419591173544
12056.603979929328,3072.0506465406324
12197.341337119207,3017.681463115492

11977.898920248434,2949.442722613483
12067.826483739263,3074.532576716967

11029.750289635664,2900.5174484941163
11086.000028878534,3154.4501200683662

11115.430575817492,3252.7601293127227
11556.972699760041,3897.0765037503916
11824.386098930401,4256.681472299933
12070.182312074048,4577.312008057699
12567.92824275963,5226.714409042488
12850.384696131852,5577.502696741427
13136.676656842468,5903.228964602153
13412.873134739199,6173.243985708865
13461.439594734627,6033.3728932692975
13385.029744015828,5697.202774623442
13271.044311265563,5342.779799660813
13111.186629269472,4992.970815146127
12888.591622589389,4655.451171263852
12616.225141040308,4339.193819900589
12313.092128127486,4055.6193091644163
11985.886921039779,3788.6258447015607
11696.140953678543,3590.6827910119755
11928.722783879759,3470.8873820093977

10840.922408962211,2884.707741291022
11070.858558054202,3103.693543014433
11186.56709827267,2934.065306918412

10775.466181777065,2975.8535811042857
11022.415530019567,3187.3952090846324

10740.126371322884,3165.9288050410396
11053.05029521379,3228.296572423038

10892.90431880573,3773.7386966143167
10957.465139200023,4028.511331875896

10774.588482218394,4191.613002786595
10803.929469141156,4115.817505142935

10679.171019086014,4070.5043368935767
10588.867163916111,4182.641466258556

10553.335730020917,3967.483216393255
10959.330322408106,4144.305803189309

10644.797867218993,3855.6489558475405
10832.696388075947,3982.1922424088807

10706.088653449435,3762.2415777950555
10904.38439299021,4057.896985319843
11172.14104131419,4313.655616768068
11453.124333785112,4460.420215381837
11808.58651202744,4585.146738378775
12083.272116805045,4641.329051443467

10723.125918199064,1991.2214530305719
10756.072120800269,1974.9726460143866

8807.806119865061,1578.2259510040567
8821.20756147684,1268.2026250499912
8889.388489701061,954.7305082381972
9006.272491074018,649.9059880354034
9165.108880153417,365.85054207232315
9358.508987887526,114.4970650037576
9578.55193743304,-92.60449261246322
9816.949338229177,-244.4484164336318

9366.997854920282,-1150.198499090413
9629.668911840352,-912.6902148425834
9915.783612044488,-653.8000467315651
10214.393014833815,-378.498715681646
10514.480111804736,-92.26448199826336
10804.959686674018,198.94567939980698
11074.681296691397,488.776256775629
11336.18630083765,797.0281233911155
11584.797459798425,1116.7524830680195
11818.623293694545,1441.0982900473937
12041.094325983264,1769.5310795623664
12255.599365489099,2101.6506132075483
12465.481213170635,2437.158019095561
12674.032775029431,2775.8312697110814
12884.493721069488,3117.508259905542
13100.047842966047,3462.076777802111

8647.129971873062,2730.270994804683
8648.099794523732,3058.806105677446
8651.76524240004,3396.345896928149
8652.635039755285,3735.8187803406436
8644.93609388763,4070.226940772227
8622.620688869501,4392.659063606261
8578.30850087004,4695.946923537384
8485.146250312388,4974.4957589267215
8347.862450544584,5234.71579151271
8185.288222424399,5483.965963493953
8016.279911012749,5728.955855482021
7859.692638635272,5975.651603784703
7734.354061217658,6229.310080613002
7656.771758146137,6504.563562067458
7629.560426182914,6817.680072916493
7642.960222515911,7155.293231431944
7685.656055268628,7504.228805770461
7745.814250799271,7851.500021833472
7811.115573819319,8184.247570068033

7328.249629074628,8247.878372941934
7540.612398225261,8017.567921620637

6904.459121631688,7794.046249438001
7316.893776635217,7356.14426154839

6937.523257586887,7232.569915307493
7313.5163971503935,6850.551066613665

6894.092534270934,6837.339054604687
7330.565752757924,6407.595690899954

6503.3317490997615,6295.12488706518
6685.626747187434,6114.204337585659

6133.7760005980745,6240.175724680026
6341.665264689993,6029.474504426613

6375.592085171404,6937.175154597266
7038.897060628715,6264.720736237305

6914.920731911294,5344.052673528895
6949.503340047468,5380.433677747929

7148.958155823751,5268.424625380929
7681.565204706276,4811.591293542526

7910.476622375067,4625.41750497085
8025.933204199402,4533.745233473128

7216.898773689954,4352.252306941849
7478.47221792884,4138.224498193304

7789.8562044672,3580.3702043060875
7819.948530724243,3557.673427785252

7218.052939070145,4742.760998667378
7590.284095040111,4432.746614552601

7715.824952647752,5176.758676155267
8370.416097287434,4648.574978863551

9590.579572458355,5074.352092870668
9839.527506651979,5150.032820971974

9669.482358243,4894.39009206972
9847.91601738834,5055.835703322049
9852.488614706526,4892.801893621105

9465.19570877598,7126.123243702026
9809.29461108389,6845.355651422284

10810.91264599076,7994.176617986333
11012.801264647595,8294.751220203987
11324.122665793151,8452.569100096378
11324.766039885442,8289.754598287273
10979.955220708282,8130.484304604881

10767.693350005316,9137.614799253133
11142.378125547762,9355.985085820645
11444.735051862215,9650.784661624853
11718.916231462379,9961.33927771547
11891.5426551649,10032.674743169355
11871.232443592413,9719.45944837257
11882.96438832847,9115.03189984505

11925.568570789957,10123.490011429054
11892.341788461865,10223.602674933856

11841.13910100998,10124.96978928458
11981.221948551967,10478.21358575895
12240.335157913873,10832.998499211637
12595.391810000201,11121.114864524308
12893.105908883703,11194.867585698485
13136.907157706511,11090.750823150254

12824.090353156807,11800.34065067142
13202.862606169205,11463.734351945914

13384.698716618983,12707.148655122957
13490.447651953848,12607.059255448046

12942.755576821612,12677.147866926069
13502.850280578685,12074.99259406776

14392.834834544214,14284.579429061228
15320.215355299646,13432.261363437145

15044.918523995504,14347.20850574323
15992.559678074278,13536.552584983048

15577.85152718769,15156.980639441757
16178.834560378229,14606.635787304524

12796.570640944665,13556.016337468409
12780.405420202325,13741.638813582173

12902.102497537726,13938.63658179314
12909.408114564125,14133.462040302522
12764.72958194256,14362.829057860497

12935.428101435085,14680.464132121011
13114.716614220972,14458.545840559007

13514.102820548775,15109.669935433023
13688.232584259662,15159.066017070665

13734.074042135566,15279.350583119744
13803.605827537634,15459.836849982723

13809.817924610034,15541.901180089266
14000.5280032429,15569.834095437855

13658.668630099444,15284.718235273915
13728.538907031394,15465.344590146586

13433.200503496388,15302.503700150384
13630.091562298941,15410.868816042643

13403.786457345584,15159.676604243916
13694.016943628343,15450.84377560447
13847.028569035436,15766.541011575679

13446.424909041136,15467.797231676883
13694.266007041104,15509.340446060134

14062.418953445536,16601.927402079917
14103.64341262482,16639.909044796575

13918.969553327835,16911.93504466365
14025.790477754344,16752.557909368592

13325.298327518682,16816.207353492082
13363.69034048857,17070.002506473214

13516.584538772226,17242.477422987682
13552.564519161362,17430.85943944116
13463.585007475467,17664.62875959954

13125.72473309125,17150.531312456744
13433.011271448493,17168.103436834524

13113.306030629803,16847.295179172663
13322.538661391092,16999.106412874582
13198.305016621642,16812.869675095473

13042.156418916893,16967.35049211334
13388.739763091879,17140.615480108678
13691.653723548894,17214.842547355136
13829.443582452608,17050.076069294086

12995.656033210056,16410.13007016251
13501.692565153367,15671.399045296032

12477.134412316442,15300.637759513305
12625.65385144285,15090.571863775669

11936.320556296538,14925.618398941504
12239.476331488459,14501.074417481741

11770.51345202824,14305.55004416229
11766.351176591517,14581.91528622415
11641.890426369962,14772.777818590464
11517.718263046438,14963.305080033093
11162.103891358896,15545.945209917849

11312.885863771291,15827.912452116598
11562.483629146882,16008.224102277683
11397.605217433382,15787.8831331164

11566.03003427523,15820.86734006886
11679.684412987699,16091.127600051292
11716.43549835882,16328.356335057815
11718.98092314641,16550.873675002596

11730.708873128176,16189.234926739333
11840.72154994565,16192.048279509338
11970.029549989747,16098.327892685174

11793.641485535773,15755.424488693057
12347.27955286809,14912.258617536882

11654.789709090182,14001.074809385016
11723.89629755928,14183.743441132672

11579.221383681113,14011.206285143937
11648.688748039116,14193.993990327846

11364.773559253128,13934.289990337715
11631.441937449737,14217.791776561582

11295.466449695723,14030.471325078852
11646.416088983948,14211.190890707334
11957.893459889005,14278.406603369967
12119.697678619428,14113.71136864521

11417.321904510081,13862.587174772223
11609.267621448424,13879.32359023843

11336.60130469218,13425.872288087667
12353.751231006248,12257.085393593381

11003.139093585487,11865.557826242399
11724.488128524972,11112.921337575543

10223.330214290374,11115.249206700297
10443.179205633747,11469.447173046145
10682.518155222187,11810.39118568461
11025.199790099898,12071.67087804039
11419.621388872081,12226.914671099636
11722.507930868924,12269.23108357373
11931.173774994815,12194.45420906102
12120.953297132972,12025.189533420522
12311.416932081702,11868.36936484795
12520.47435487168,11683.707547494436
12539.612024116766,11438.806909097984
12207.20051670212,11167.745990073847
11867.613707784709,10955.594773084715
11503.381642884055,10691.036533100712
11273.722288211324,10345.812284613072

9861.388964659382,8522.723889891655
9910.43672172408,8478.312013968443

9425.248196087236,8787.170803327852
9651.573657380031,8672.318569790816
9897.588416102739,8593.841919985764
10829.148957152447,8732.861219623599

8944.066115742538,8010.086069698351
9756.822883471836,7290.9491270733815

8650.624743649034,7856.508232046715
8975.815713165877,7553.234689473073

8484.42942940292,8462.238307376174
8699.941956487797,8245.806571990117

7816.4898088888,8715.086042588322
8406.017326365054,8095.681893558405

7997.5832450778325,8982.486384106298
8343.012994275785,8608.73202554966

8173.872920195732,9336.716569537006
8911.008169696179,8553.517843778944

8901.197438076342,9709.868046840202
9252.36799434289,9943.956036894808
9486.088609912353,10241.815368916614
9651.435654077399,10587.061271365346
9901.266294801157,10906.496327933663
10246.00651580045,11066.73273629426
10561.441429419789,11104.062828443093
10831.681128416683,11052.202770074233
11006.932947430603,10891.265209446537
11061.799043404415,10616.998848486168
11166.915746651775,10388.540910194348
11038.347288472738,10041.334314094835
10730.316034878924,9784.408909290996
10598.650233043645,9872.331361392331
10509.601059852434,10155.12372049247
10414.30840085914,10353.915363794527
10227.680121932128,10411.234839423418
10122.2996678975,10666.211355164975

9966.372764537049,10999.916528091813
10121.875074545016,11344.794768843149
10307.167313349608,11715.17457930306
10549.670768984346,12027.617007107809
10883.763707529091,12286.409337665762
11229.55708644255,12466.663904302244
11472.550435462439,12645.048881745613
11337.936998975194,12809.65315069276
10960.274045051858,12630.04187165233
10648.895444410558,12329.569743734006
10446.755570315403,12015.078945333527

9879.063449343976,11265.48399874918
9939.784932286555,11467.183334848265
9953.607123457685,11680.286584413578

9302.479932389626,11462.797021438979
9498.947945573716,11741.495897968984
9441.015689253461,11633.252913973076

8595.225641424084,10724.896991888549
9224.182801034942,11217.433738157128

8495.298497630687,10765.647087600577
8918.014363055685,11188.273470291824
9176.061368986539,11387.435964273933
9254.313158969911,11312.586910816055
9466.73315469336,11371.48314409734
9710.904179685476,11681.784631163871
9960.526192322326,12035.982205967772
10250.961297822356,12304.527608653512
10633.455356202798,12598.636478779808
10967.306611016349,12908.080518963849
11084.881414215768,13193.861821481732
10950.519401799309,13394.249135206293

10619.632756028834,13859.970319024254
10739.219164569247,13686.675470164675

11349.200818202418,14237.866702266769
11654.893114952367,14278.746518055948

11155.070008604223,14925.47139188102
11395.680790374838,14555.240983427026

10546.530667680301,14468.941165555985
10587.720443504044,14505.001344265958

9843.649840091428,14173.859775417219
9858.71266335213,14381.617633410464
9797.790833081657,14577.89516953081
9683.699367384972,14791.407956876556
9540.425198159417,15051.140092941689

9389.58966120736,15234.423593906566
9402.991749415785,15207.040422675727

9960.979275944443,15515.937943760047
10298.433942326232,15653.86834745984
10448.003490680756,15871.56584507308
10404.085916236687,16061.157897162502
10358.990411779865,16409.265262322715

10712.568927132346,16404.766351376693
10868.612356351787,16087.949686638978

10434.95087622968,15760.388739737547
10541.48754157063,15752.633183852126
10712.22883625907,15691.734790819373

10754.871805560291,15500.088831356868
10885.586964242804,15268.438567830777

11256.323184150038,15929.973565034776
11578.472868055276,16140.731467167778
11382.098870144771,16150.486941575316

11577.668524198085,16019.221274781488
11633.020031969965,16142.078157837863

11959.54405410483,17268.524060302272
12288.68231340517,16636.78468718522

11461.890296038724,17067.437020343194
11523.97574704068,16936.97241180237

11075.22771525128,17146.48146354534
11413.245048776964,16437.872655255236

10335.583641241261,15486.900090106265
10420.092100849346,15672.159174914294

10098.452678266167,15363.673142050266
10266.05064927839,15504.540790253504

10015.238545640736,15408.622147116675
10350.675299177226,15688.611738338677
10279.773681255454,15363.405432588243

10225.512523248908,15125.508230176474
10494.023482271663,14658.096009646095

9667.298176977918,13742.224008761357
9751.52016309763,14014.962765253887

9495.643170581843,13714.061029630513
9701.01611750573,14037.624390826222
9425.485589751443,13933.97911622893

9390.482319867286,13784.008903743259
9626.90180504485,13982.987287179985
9855.085419309748,14076.171233047284
10077.981700173117,14099.30510281301

9445.908123437966,14110.589487932073
9688.62574742446,14119.765438570725

8693.739262341896,13391.262880100108
8852.26507565532,13646.685954246055

8475.340133819303,13450.21801558623
8782.941400916738,13345.265046239296

8865.461462714473,13007.692327822762
8980.644652080984,13025.194774792824

8932.995003375181,12901.68782657012
9095.60834864029,12842.966451675897
9070.901731688733,12691.54537495496

8862.41519280048,12716.445903584783
8984.268229394998,12822.591083524461

8793.870266179194,12822.334644027116
9075.744136774065,12970.702047881976
8914.44528183078,12637.4388427849

9187.56687655046,12999.929694599741
9471.687691649608,13249.688352031673
9783.841691957063,13505.05041456482
10135.876050149975,13810.924440544524
10360.827829446265,14091.515347350072
10331.668270042075,14336.29768488611
10199.762169681184,14520.555088419573

9598.410008362196,13155.590790716822
9854.35258860797,13276.947764304809
10192.18079897109,13510.260013074712
10450.505654826247,13799.071517597436
10469.919582453327,14085.653810285952

9980.344433140825,13167.670333352988
10359.374960624515,12646.492897405766

9586.40067666928,12981.111201325519
9719.876257164022,12976.403755437877

9051.420377168099,12340.934867591423
9118.620183246676,12525.794020428017

8398.947483392472,12355.674724286248
8561.064889988913,12496.157850786552

7676.247987738068,11817.331195226721
7694.081459573466,11790.005741535519

7611.239205216261,12728.421015709751
7824.166826269786,12569.566144797704
7990.946264830356,12369.853079491942
8280.828646587004,12325.060686501569
8562.311082453583,12219.705541738414
8813.257089996758,12190.06563804801
9101.885046673535,12252.153404027456
9274.953305143037,12087.615676811696
9638.699069309088,12158.46478607822
9983.582633955244,12426.969537172343

11817.3044331128,13348.350869583559
12026.74538851669,13099.076256134402

12522.575200856874,13534.03953671239
12727.18475501738,13692.903612804013
12619.747329264883,13506.342239598318

12486.541948071394,13660.749652793002
12827.190317446053,13869.897785987789
13135.110940980092,13923.811828076596

12550.127759124996,13841.770540449212
12803.483606468428,13883.941842571174

14995.984104714371,18107.367301704584
15941.287776809448,16830.035273241836

14883.572947139175,18288.48423402017
14897.443830268006,18265.71103437622

10089.27731661771,15736.501952709175
10324.018806531654,15743.030569624589

9639.64534571577,16344.65910187479
9871.820898824837,15821.381648840677

8554.967765642872,14902.077594151986
8606.553718458934,14671.526933551995

8173.586567412785,14122.686848800226
7833.937970123472,14095.274938635983
7556.637088690317,13874.882609720025
7479.127438850686,13519.927443374949

7933.732181089421,13445.500770998373
8203.870498428721,13692.071881238491
8545.91974743451,14007.531289766554
8895.298618856064,14281.543914776095
9189.039372356365,14395.478124380159
9328.230132298402,14208.86085734377

8426.796194709459,15185.537285924202
8087.29156223718,14858.10506067875
7903.464002680899,14536.21883641562
7880.731449464802,14242.618377111434

8579.479776743749,15763.926547194995
9165.63280869061,14505.717685328567

8445.310924918394,16110.697807603978
8484.059603680573,15884.566258227092
8418.109119794513,15613.027889023124
8160.461000751813,15012.671892130555

5983.277700391551,13029.810760301767
6814.269463997938,12985.663907536491

5751.749220494636,11888.120853939497
6009.1222788508385,12154.766420882355
6332.063036691616,12469.21671662198
6682.782524228638,12782.333871472092
7039.576097581896,13049.114430304951
7414.497685461105,13242.777513988065
7768.245757169101,13383.174895893946
7835.262717321395,13284.55288528815
7585.535490628081,12925.253371397703
7326.258089837029,12565.370844345496
7111.582451659913,12230.307348394745

5780.652967323313,10520.553371692637
5875.348539918548,10829.328195209335
6016.740142405768,11190.602849753981
6176.34308385168,11542.035044730459
6453.667477919804,11859.760240712192
6799.191869820919,12097.30557612305
7092.823011083037,12249.426321111296
7009.313357758587,11961.626850045679
6887.958446408167,11598.118872084855
6754.03717541719,11209.871955495899
6630.479828577023,10847.86173308544
6530.811154118564,10539.877291064578
6447.11811308725,10210.44865498376
6145.813174091549,9976.54658991922

6225.5634772122685,9863.795763968716
6463.630006039188,10089.809373566495
6718.779175248379,10066.736122640865

6461.424012480915,10158.307845217761
6561.726545451795,9929.22564851811

6364.446307943999,9847.902857470199
6461.424012480915,10158.307845217761

6626.438526316764,9667.174970911557
7249.852340399382,8887.63605942994

7384.738977108547,8730.936529045724
7683.660206216959,8397.058690854796

6917.322527022821,8243.111317436658
7366.417339177609,7750.4140877309255

6383.690299896058,7839.236213613494
6839.1958903502855,7336.293029154025

6112.6916800228755,7684.276845168821
6718.570522303402,7018.465031663487

5889.300114832131,7476.401686477071
6154.095408583995,7177.547487182517

5605.717740011798,7262.848027190925
5848.129102809282,6987.985123086939

5408.1175727620175,7029.504678862926
5929.148478332892,6453.990059995656

5560.461856369675,6408.467423620976
6023.903121943942,5922.579161729878

5128.4849057632455,5995.891762625637
5195.558101579201,6216.295329926968

5184.9939981059,6154.230989218395
5390.399191846973,6005.80837961888
5604.441723008706,5779.612517839578
5908.503875066879,5657.711426561069
6226.326514884931,5704.74814964701
6586.659147163889,5827.40365558329
6952.043221360855,5976.393981144774
7284.953049822379,6101.1600201248875

7355.924612857627,5488.695800465921
7576.514259941363,5295.6200273526665

7645.65773937984,5637.65700713074
8004.507855501979,5330.6889854081455

6880.981352013583,5037.420589822377
7048.717819631696,4889.091140317669

6620.102213605278,4869.6532985062
6845.1634632583155,4669.642821266938

6387.718168511128,4678.427989213487
7134.073131608562,4034.148429042496

6494.585842225901,4121.78549218041
6815.4079416329805,3849.001234006366

6179.061943116871,4006.4752937676167
6559.493075878188,3678.825187792845

6067.943029071146,3714.1096828051814
6274.402116919209,3536.0080036263535

5779.055233125968,3515.477302261017
5897.515813592585,3411.786058103906

5546.911791608269,4184.534113166199
5690.184410166741,4052.1025132618634

5806.053835843792,4343.498886797486
6063.484089697369,4109.195077860404

6065.622370626643,4504.67274402055
6236.0009963659395,4350.039709397963

5254.708527235096,3992.9229819224893
5631.955751505266,3646.340958660807

4996.587000495507,3838.7842359430724
5112.43580134058,3729.788059374041

4709.942044994783,3714.727604879212
4943.202065848054,3494.3444987617986

4419.5113904767495,3531.7067523959704
4713.4773225272875,3252.7927752984106

4369.220950192943,3187.1505127138335
4518.011242875469,3047.0670466799493

4293.813520788113,2870.764652963877
4323.91046291314,2842.5943158501686

3947.7267870667856,2748.5615198751148
4068.841083394971,2634.147899355783

3906.6849348390897,3241.6332197284064
4173.874512404149,2983.963317291622

4162.837055554752,3385.4176998589755
4251.009508386382,3300.142310266401

3618.4159155811903,3067.360560540299
3707.6733596650993,2979.8194672839454

3363.5117641225042,2929.0495789410015
3846.964367707158,2461.566207970671

3624.673553515513,1855.1278769210912
4661.7058179687665,2961.311214271991
4910.966795586828,3244.648159002765
5200.785136050785,3497.9931351066916
5481.007695143591,3419.152810147305
5736.38440874184,3170.127936293935
6051.337850515869,3149.425956743151
6412.758209900308,3328.717564427894
6747.9957503500045,3505.3228951598176
7093.222105651897,3680.7148507739003
7440.058392880412,3862.043482835539
7786.484955890646,4054.143983123242
8130.568963624613,4261.663853614318

4979.690585741722,6011.589008404422
5098.028719118567,6175.890089362769

5187.390631072227,6824.912655074266
5359.965201504903,6629.302159594292

4832.562815437246,6701.382731055834
5089.1441743509495,6915.408014512497
5413.556656914832,7182.662007971252
5716.072490955983,7469.193374613504
5906.799711875225,7738.396267328895
5864.420813261484,8000.740243772601
5668.623452303931,8215.053618050166
5620.2974056165585,8474.450481882108
5763.104604625292,8796.836819717584
5991.795274444881,9140.778491017507
6213.73409515827,9441.28421246455

6416.8920093097,9343.323128946246
6783.28970378188,8880.193791711514

6916.550150718667,8719.701806015106
7143.095642541513,8455.762999064558

7434.384762624715,9153.004292657868
7657.2612231958265,8893.812947455019

6922.296258515547,9792.942920577065
7303.303108713171,9310.657441487401

6248.633323591064,9054.095456261755
6666.238298506185,8535.909194850734

6060.962797502412,8792.781577365295
6281.321551532328,8516.944007247497

5836.812635674294,8497.664703871338
6267.076044448517,7974.330043008649

5793.239760472898,10218.21879690417
5835.528087871589,10500.879757782433
5992.127326516376,10385.547664006059

5480.02413332912,10226.207098757295
5660.726607082059,10420.921663672234

5404.853915737436,10343.357613644504
5752.625430658969,10544.073153688572
5616.6311802432065,10205.100566910434

4930.476155375396,10134.610207952086
4949.216150969118,10104.794325950941

4850.598323645696,10069.673268170642
4893.196350208331,10194.349516667495

4632.269503594456,9937.94871353334
4805.920098668779,10029.855823727605
4689.152452446513,9847.806019923933

4845.276117590627,9793.149474910264
4941.2177314791625,10081.191352693153
5063.047497391053,9926.658869361749

4106.821429650106,10420.823903450462
4391.603002864958,10688.54045310686
4672.630174526705,10935.639054027208
5030.3617260670835,11258.048563890236
5388.864026402094,11571.875636759123
5670.56630665921,11791.814299651669
5635.526782453857,11630.974769056473
5459.5081702416355,11259.818795726693
5274.456588692836,10868.93159220984
5121.720623945359,10549.838787895198
4896.8882104939,10239.370151932806
4557.368150876842,10058.636556215457

3743.3138954790265,10138.950685312582
3953.5781739217055,10248.499949282028
3815.4297504087554,10014.344406074906

3730.405963639867,10263.84160773169
3975.5070595409306,10325.594246232347
4012.573217630499,10077.986052152126

3741.571435652266,10451.251510635924
3925.874752417989,10444.249451997126
3962.8900817123395,10264.18430669939

3107.3632335170078,9832.83527541862
3180.142558462827,9705.840311172684

2622.4401597428623,9374.044265134467
2814.558026609553,9260.449090174898
3072.502633680495,9259.86325034012
3367.1439588421745,9390.642314110606

2874.518801254235,8488.015557227947
2913.610961894614,8518.815888632485

3357.262726320929,8299.150434587602
3702.7960009814997,7808.2628017325405

3660.545038072236,8210.161134010603
3724.996701407592,8118.596932315384

3237.3423433132994,7862.434760738794
3477.946759034083,7697.277215422313
3743.2742267088142,7570.70392309063
4427.051070019923,7837.8011944151585

3029.637088847394,7643.390552471399
3224.8793269014714,7758.4917179566655
3194.625969545141,7581.935389329476

2996.8412332225853,7861.77512702439
3236.5957355685496,7884.413473141532
3198.0073473199664,8063.675445168865
3037.424664388971,8330.03395768891

2061.9167863161892,8575.532413799629
2141.9748837832594,8445.588370216341

1924.7153665742699,9503.246559374536
2137.025708317731,9350.302048258389
2427.2559100220133,9349.69304606702
2764.0594648947954,9527.08139169855

2421.0464322124462,10047.309231402938
2507.874571832479,9884.477507912172

2679.5036083753585,10637.91742096133
2777.865079570198,10442.955266502253

1565.1171165361993,10202.410838929522
1614.324432139023,10101.76084798964

1158.4652312778344,9692.447523161543
1246.7305035577665,9845.061372256481

418.8837818699649,9644.68235522259
132.72674411184926,9356.661997794079
-137.62926988270192,9056.77679227342
-391.50513127116574,8746.708146718585
-628.2695204349475,8428.172151501338
-847.3647368966413,8102.916341901346
-1048.3313673268822,7772.71686676683
-1230.8311079691957,7439.3760112422315
-1394.249841533714,7104.023013891572
-1537.1382256738761,6763.597059749092
-1658.8721847364177,6418.026493296264
-1758.9137278207054,6067.925137172271
-1836.8097549234226,5713.927106352137
-1892.2025604745068,5356.687780078355
-1924.8385618424,4996.884981823441
-1934.5748852872166,4635.220371462099
-1921.3835234069047,4272.421052352187
-1885.3528834077879,3909.241393652843
-1826.686666248017,3546.4650647284398
-1745.7001424915907,3184.9072736486632
-1642.8140105270977,2825.417195312093
-1518.5461264295845,2468.88056628131
-1373.501474131699,2116.2224126952824
-1208.3607947917335,1768.4098643017678
-1023.8683138574852,1426.4549914548006
-820.8189951710337,1091.4175826732571
-600.0457180067788,764.4077580499688
-362.40672132639156,446.58828869827266
-108.77359657799025,139.17646517402318
159.97995736670055,-156.5546704030712
442.9884703915923,-439.2759411245497
739.5270247405097,-707.7128702682276
1049.4296117742779,-964.3243421886873
1366.4519551946723,-1206.0780767689976
1690.1593006907715,-1432.1254394008174
2020.1524644297824,-1641.5963643789437
2356.0683191762146,-1833.6036100387828
2697.580063883768,-2007.2479629191585
3044.3973186652256,-2161.6243892096936
3396.2660814809788,-2295.8290879419146
3752.968577515134,-2408.9673494124363
4113.410760789378,-2499.3014005614787
4472.434869457811,-2562.495827674673
4831.99478090752,-2609.2934950777453
5195.260481209218,-2653.2279690668984

5983.133094439934,-2134.197207385674
6460.230823214697,-2128.0986645201447

6639.067778614593,-2562.3892816483094
6785.885677324477,-2653.893612739088

6494.2982931595725,-2946.5081651862656
6331.25633479653,-3225.8607629036833
6491.710757790319,-3503.6303734042995
6823.183651235126,-3675.630116123357
7155.857808489993,-3679.7076287253076
7458.240305271684,-3544.3963657229997
7739.379918943316,-3312.7659058922764

8198.557342774708,-1933.6802538964766
8452.537587935625,-2068.8971976745634

8423.148833227031,-1360.6766901318624
8663.946275456412,-1501.108302827277
8870.580304479001,-1581.6541541000333
9080.350375301256,-1752.2768938694244

7052.587423220972,-1261.0407182058589
7873.69802781782,-1753.372965018083

6740.2438037689135,-1715.3896666863584
8524.971655962352,-2735.7896076970173

6840.6453470561355,-1125.480936497952
6875.901571007638,-1148.2720015282612

6241.144662597511,-1386.5665520530056
6454.407834941485,-1529.3743012531377

5774.182142012822,-1006.4481285588154
5598.2859569843495,-1330.3498939182282
5579.437257371734,-1641.8720530182763
5704.471458706674,-1928.2595453531067
5889.885565719655,-2178.4337340547245
5699.606086051819,-2440.0281657939486
5731.566301834242,-2798.6505294748276
5958.016658979748,-3007.127656655299
6276.878054357272,-3122.9629086664445

4424.199285406132,-1487.3384759046457
4673.787599450221,-1679.3522192325363

5466.328681318264,-275.75437506160597
5351.7291372031395,-604.2252824130192
5418.254839971647,-915.7230463710039
5605.524743054582,-1162.372770857448

5899.400933692163,-481.43764939032917
6106.733023754721,-629.2054957146829

2261.3866879059897,1310.8217110404876
2337.99341803907,1110.582961198481
2492.6674796489424,968.9568490234778

1881.0242453594547,1563.5700570208755
2070.192151650386,1394.930970548241
2321.956016900567,1373.333788865868

2668.397214647186,2656.116615919065
2938.7655878182304,2839.611354029428
3257.36814358809,3027.8342286429142
3590.7211599736984,3214.3946746383226
3905.2220033361373,3391.1449644333516
4217.605074161049,3575.236095826127
4531.81676473215,3768.2771484889963
4845.725995517827,3967.4357521796082
5159.841013288984,4171.471413954816
5474.641170687093,4379.179908949365
5790.5780846197995,4589.3932851203135
6108.077317054322,4800.979914345422
6427.540548322748,5012.844648031365
6749.34821264624,5223.929129558248

3085.4827698503177,5217.562003043015
3111.7694040192946,5187.1636255871235

932.8580081854743,4663.709797359221
1121.6082484685357,4433.088099268043

858.9659099688542,4323.224768869837
1163.2969328167237,3960.930442807039

552.7015835634484,3780.692732280524
723.3383538103117,3580.378841121088

207.07570859160478,3371.7751642687654
323.43735607129565,3236.352636652915

107.78182314514925,2632.376960682268
1139.359501380888,3537.2663355616496
1384.4539647968377,3747.5467498953985
1650.279849792627,3997.4572766008278
1678.7761639502169,4277.91598389209
1473.9200084415897,4547.348554272117
1212.9878008402957,4812.124166145029
1072.9738169519624,5066.626179272309
1144.7007858489524,5353.573477435504
1344.466345913901,5709.675297569644
1585.1359611662156,6057.7339062135725
1775.4975401825395,6318.742639810611

1285.3763328989553,6184.188586041677
1382.2330553976426,6053.042089757717

832.0052434842692,5771.753840171372
1006.7381686219414,5539.35341456161

538.6545110157749,5699.85400931304
866.7254080418716,5265.239959327231

538.6859923883167,5163.706122520845
773.4755686905555,4862.775066419981

569.2995800952413,4249.629462884277
959.396942046289,3784.300217604181

67.56856990826782,3948.4808906267062
522.6177842929246,3407.474430104321

-27.532500378059922,4491.703908543019
300.7226122454231,4083.564522461049

-174.34149218509992,5200.493092861325
111.7367634346956,4823.865965391284

-84.17099273011263,5538.276740584213
696.0233105871121,4522.684317754018

60.68057291952209,5807.78162786151
184.07689281007333,5637.169242749798

174.44915726368708,6208.154197284919
342.4488095506531,5970.063335513623

810.5827862998922,6278.585708146034
1174.8805839911765,5781.0277027335615

1319.288301054894,6623.703564207688
1555.4446744833222,6296.40549638716

530.3929178005892,6681.907501637317
669.2063713016978,6479.676471351468

281.5592828201261,6546.623974265811
709.209047854547,5938.757449841061

638.4103030049046,7116.994864304837
908.8758977954203,6714.134153944349

781.1583248678835,7422.582513851601
1180.8956653226633,6821.690423969296

611.20037096948,7692.851027727807
455.55823202638203,7342.655509783737
288.38534067264845,6996.761712821306
116.32681967680765,6654.184492389406
-53.80580560460294,6313.836065005133
-217.51779547738624,5979.447484189208
-389.2133607452597,5636.423371706038
-484.71835192814615,5291.464034729619
-452.1521028837342,4947.830704052074
-349.7143365187003,4593.603159912793
-244.752382503626,4235.564533460798
-199.90476630966077,3890.0957408998183
-178.23032503803188,3517.484502876505
-128.35617521488166,3127.1342952923987
-19.302386857892998,2784.2468346568385
173.89010569278253,2558.5178771248793
499.7633925666196,2400.129284004004
907.8899497219645,2296.9671766207284
1332.640100051336,2252.31919842308
1708.8507052572786,2264.658183090847
1987.9000047879272,2335.049606920369
2324.704583019575,2523.4500522366106
2658.9469086515674,2608.313977059548
2945.799976079954,2439.2088230807894
3182.9216378447563,2161.269370792499
3446.1839490858583,1917.3603737416233
3778.32331076057,1832.41296744407
4127.55082513245,1834.629065964862
4490.2790375284785,1885.372698367999
4861.112488422656,1971.6030644655111
5234.69042562677,2079.941464063959
5605.567527060644,2196.7090874513815
5968.172605204367,2307.9752549426667
6316.83668136119,2399.6090468766197
6672.131338555711,2414.6988138947963
6975.1546789494605,2309.8294380009174
7325.393702400248,2290.501882555265
7685.231105232222,2370.6064207523523
8052.110185793375,2498.8157650854046
8416.43516513281,2643.1136472244543
8649.307960090438,2607.839984197846
8663.853112695982,2251.8059197844486
8710.092711323352,1912.6096105135402
8813.686743349263,1652.977517465184
8976.3473350245,1975.2781386963543
9142.856216707049,2351.88788859954
9313.481991513134,2724.8099926264404
9483.464281219869,3082.894205689896
9658.606382112474,3440.9281276566835
9838.25608109387,3798.8391717803206
10021.046252729084,4148.586609639231
10228.218770167448,4520.531872887932
10331.505214213445,4867.875701031364
10136.101054171668,5068.740749242639
9863.456501644669,5194.551171683917
9676.918240573781,5406.569464165244
9636.603029550093,5699.164447889278
9715.694968607797,6045.186439768015
9850.48030146047,6422.330611341207
10011.830651784741,6809.385649458913
10170.0991333825,7185.225501070428
10295.188845710865,7528.730759615813

8399.605468839636,10545.126006952993
8475.201899939071,10633.270563387945
8345.293422443541,10302.630840041442
8401.660831917714,9990.22976378036
8519.860829169811,9735.121849657844
8667.87443457061,9499.619511435052
8815.48243618969,9270.738297434258
8939.415249086825,9019.552402157882
9043.786098292076,8751.954616153467
9147.36994256228,8482.874035624165
9268.549696999191,8227.707369394488
9425.305032518387,8002.341779237886
9647.05110781022,7820.939069216925
9940.917541518844,7764.121567732334
10260.822882261262,7795.1999366122145
10594.52707888461,7811.338070869413
10861.118251733438,7704.107769559141
11065.17321199016,7547.670407466812
11354.742064539198,7519.2463994185055
11737.430455775928,7721.6720561363945
12028.165105296186,8031.235568769876
12279.005242470823,8364.673479321107
12518.991963048564,8734.784746794707
12578.62168308927,9056.558762516052
12747.848781916386,9413.30418726406
12663.637910413727,9500.940539551812
12307.10207327758,9294.146796872079
11586.445474583732,8966.885811040458
11269.200577387379,8771.164307822226
10920.25627909794,8450.146042848162

3139.226824948313,2763.451664099717
3411.656368902659,2496.111816396704

823.4740182898204,1484.5491585690907
951.8455825309102,1351.8301739290691

198.21447667107714,1598.7323661453484
1043.9600847879265,725.2567041742514

1181.1142643190506,531.0507695050765
1210.0077046074475,560.4716343256041

351.3295935197166,903.5980261358527
1121.1946467608104,131.76199842023925

-553.9219010011984,1870.9031340059846
-138.28076189898638,1418.2546419259015

-554.7575646609403,7059.487468869302
-516.4145856462201,7086.349593441319

463.74317878209695,8219.550878411617
789.1135421329345,8284.642857418494
1000.0534979729564,8070.165891866924
1183.9638649872286,7773.614837036432
1718.6740632265319,6970.114769142598
1903.4503428397438,6708.708684647703
2091.058857028598,6432.947558233813
2331.845222590615,6229.356455359139
2675.416588709835,6219.201816326753
3034.924690637643,6300.020352123025
3382.1588063367853,6385.785066836877
3755.2230207798457,6487.665798193666
4131.927455585224,6584.1428806521835
4490.082527515533,6652.742970632713
4817.331814952871,6654.720957787831
5050.602646842166,6446.571142387962
4949.695093376482,6192.087315604611

661.4567195397722,8167.391935459629
720.2433578891469,8353.75852757306

720.7116424545893,8449.828738682878
662.2193466321805,8652.761925903014
551.8171125057706,8864.602082548012
406.24574383505023,9127.643211833449

504.0239972559357,8439.945820233617
681.1206791057448,8421.690125423203

1158.2526506482718,10858.035386747404
893.8930645806868,10580.231219407491
767.1585522443711,10275.28065940821
806.692585841658,9979.039375964956
997.9975231999124,9782.79649479757
1154.9134960325318,9562.132338031151
1317.6460594180098,9349.88856186614
1629.8941211048877,9359.951907774066
1843.9564761164002,9617.418774440925
1911.7676531235193,9950.738350815154

2203.0423063959097,11695.187525617413
2521.8012059634857,10965.2081664695

3220.8047991900494,11851.951639210209
3482.5276208235337,11398.034731951477

4504.5148261975555,11730.16656392855
4811.752837452459,11830.476566350291
4867.619913760744,11579.773451127352

4696.430748553459,11576.69085883737
4892.1717698846005,11982.616212594992

4566.710059956655,11606.182295313454
4742.020447350333,11825.457519774493

3976.067849162908,12520.647985133273
4238.824791852465,12830.373254870308
4557.915691449369,12875.604237129257
4840.339753509834,12916.66090436164
5191.014522963167,12963.30790897494
5560.950467022063,13006.196996845865
5881.153742145223,13029.887912514223
5846.014750850547,12875.913359495342
5510.66315835022,12541.956625326653
5206.503521503269,12253.559924913108
4907.341663283765,12020.07036712988
4567.867067418694,11948.409615392527

4247.582449322024,12923.759967417835
4251.777351822526,13049.992415213044

4192.573987484902,12925.251764685305
4247.582449322024,12923.759967417835

4015.2162133718884,12962.602788644283
4178.084384560716,12973.211658586253
4159.779010693284,13147.777064519618

3913.6728158115657,12807.713510273661
4176.065171479193,12830.93326696378

3867.942218772616,12650.81247424219
4176.065171479193,12830.93326696378

1623.543824229113,11817.105874488778
2319.3973404300523,10243.69666282108

